00100
01010
10001
10001
11111
10001
10001
0
11110
10001
10001
11110
10001
10001
11110
1
01110
10001
10000
10000
10000
10001
01110
1
11110
10001
10001
10001
10001
10001
11110
1
11111
10000
10000
11100
10000
10000
11111
0
11111
10000
10000
11100
10000
10000
10000
1
01110
10001
10000
10111
10001
10001
01110
1
10001
10001
10001
11111
10001
10001
10001
1
11111
00100
00100
00100
00100
00100
11111
0
00001
00001
00001
00001
10001
10001
01110
1
10001
10010
10100
11000
10100
10010
10001
1
10000
10000
10000
10000
10000
10000
11111
1
10001
11011
10101
10001
10001
10001
10001
1
10001
10001
11001
10101
10011
10001
10001
1
01110
10001
10001
10001
10001
10001
01110
0
11110
10001
10001
11110
10000
10000
10000
1
01110
10001
10001
10001
10101
01110
00011
1
11110
10001
10001
11110
10100
10010
10001
1
01110
10001
10000
01110
00001
10001
01110
1
11111
00100
00100
00100
00100
00100
00100
1
10001
10001
10001
10001
10001
10001
01110
0
10001
10001
10001
10001
10001
01010
00100
1
10001
10001
10001
10001
10101
10101
01010
1
10001
10001
01010
00100
01010
10001
10001
1
10001
10001
10001
01010
00100
00100
00100
1
11111
00001
00010
00100
01000
10000
11111
1